0.999657 -0.00499561 0.025697 0.137165
-5.12227e-09 0.981627 0.190806 1.17798
-0.0261761 -0.190744 0.981291 0.113043
0 0 0 1
0.999606 -0.00524566 0.0275857 0.132112
-9.05632e-05 0.981792 0.189952 1.1768
-0.028078 -0.189884 0.981406 0.108272
0 0 0 1
0.99955 -0.00549406 0.0294746 0.127267
-0.000179466 0.981957 0.189098 1.17556
-0.0299799 -0.189023 0.981516 0.103172
0 0 0 1
0.999492 -0.0057408 0.0313636 0.122627
-0.000266714 0.982121 0.188244 1.17425
-0.0318817 -0.188161 0.981621 0.0977497
0 0 0 1
0.999429 -0.00598588 0.0332527 0.118187
-0.000352308 0.982285 0.187389 1.17287
-0.0337834 -0.187298 0.981723 0.0920122
0 0 0 1
0.999363 -0.00622929 0.0351419 0.113945
-0.000436244 0.982447 0.186535 1.17142
-0.0356852 -0.186435 0.98182 0.0859658
0 0 0 1
0.999293 -0.00647105 0.0370312 0.109897
-0.000518526 0.982609 0.185679 1.16991
-0.0375868 -0.185571 0.981912 0.0796171
0 0 0 1
0.99922 -0.00671115 0.0389205 0.106039
-0.00059915 0.982771 0.184824 1.16834
-0.0394884 -0.184707 0.982001 0.0729728
0 0 0 1
0.999143 -0.00694958 0.0408099 0.102368
-0.000678118 0.982931 0.183968 1.16671
-0.04139 -0.183842 0.982085 0.0660395
0 0 0 1
0.999062 -0.00718635 0.0426994 0.0988801
-0.00075543 0.983091 0.183112 1.16501
-0.0432914 -0.182977 0.982164 0.0588238
0 0 0 1
0.998978 -0.00742145 0.0445889 0.0955724
-0.000831082 0.98325 0.182256 1.16326
-0.0451928 -0.18211 0.982239 0.0513323
0 0 0 1
0.99889 -0.00765488 0.0464785 0.0924412
-0.000905077 0.983408 0.181399 1.16145
-0.047094 -0.181244 0.982311 0.0435717
0 0 0 1
0.998799 -0.00788665 0.048368 0.089483
-0.000977415 0.983566 0.180542 1.15958
-0.0489952 -0.180377 0.982377 0.0355486
0 0 0 1
0.998703 -0.00811675 0.0502577 0.0866942
-0.00104809 0.983723 0.179685 1.15766
-0.0508962 -0.179509 0.982439 0.0272695
0 0 0 1
0.998605 -0.00834518 0.0521473 0.0840713
-0.00111711 0.983879 0.178828 1.15568
-0.0527971 -0.17864 0.982497 0.0187412
0 0 0 1
0.998502 -0.00857194 0.0540369 0.0816108
-0.00118447 0.984034 0.17797 1.15365
-0.0546979 -0.177771 0.982551 0.00997033
0 0 0 1
0.998396 -0.00879703 0.0559266 0.0793093
-0.00125018 0.984189 0.177112 1.15157
-0.0565985 -0.176902 0.9826 0.000963415
0 0 0 1
0.998287 -0.00902045 0.0578162 0.0771633
-0.00131422 0.984343 0.176254 1.14944
-0.058499 -0.176032 0.982645 -0.00827294
0 0 0 1
0.998173 -0.00924219 0.0597058 0.0751692
-0.0013766 0.984496 0.175395 1.14726
-0.0603993 -0.175161 0.982686 -0.017732
0 0 0 1
0.998056 -0.00946226 0.0615954 0.0733236
-0.00143732 0.984649 0.174537 1.14504
-0.0622995 -0.17429 0.982722 -0.0274073
0 0 0 1
0.997936 -0.00968065 0.063485 0.0716229
-0.00149638 0.984801 0.173678 1.14277
-0.0641995 -0.173418 0.982754 -0.0372921
0 0 0 1
0.997812 -0.00989737 0.0653745 0.0700637
-0.00155378 0.984952 0.172819 1.14046
-0.0660993 -0.172546 0.982782 -0.0473797
0 0 0 1
0.997684 -0.0101124 0.067264 0.0686425
-0.00160952 0.985102 0.171959 1.1381
-0.0679989 -0.171673 0.982805 -0.0576636
0 0 0 1
0.997553 -0.0103258 0.0691534 0.0673558
-0.0016636 0.985252 0.171099 1.1357
-0.0698984 -0.1708 0.982824 -0.0681372
0 0 0 1
0.997418 -0.0105374 0.0710427 0.0662
-0.00171602 0.985401 0.170239 1.13326
-0.0717976 -0.169926 0.982838 -0.0787938
0 0 0 1
0.997279 -0.0107474 0.072932 0.0651717
-0.00176677 0.985549 0.169379 1.13079
-0.0736966 -0.169051 0.982849 -0.0896268
0 0 0 1
0.997137 -0.0109558 0.0748212 0.0642674
-0.00181586 0.985696 0.168519 1.12827
-0.0755953 -0.168176 0.982854 -0.10063
0 0 0 1
0.996991 -0.0111624 0.0767103 0.0634837
-0.0018633 0.985843 0.167658 1.12572
-0.0774939 -0.167301 0.982856 -0.111796
0 0 0 1
0.996842 -0.0113674 0.0785993 0.0628169
-0.00190906 0.985988 0.166798 1.12313
-0.0793922 -0.166425 0.982853 -0.123118
0 0 0 1
0.996688 -0.0115706 0.0804881 0.0622636
-0.00195317 0.986134 0.165937 1.12052
-0.0812902 -0.165548 0.982846 -0.13459
0 0 0 1
0.996532 -0.0117722 0.0823769 0.0618203
-0.00199561 0.986278 0.165075 1.11786
-0.083188 -0.164671 0.982835 -0.146206
0 0 0 1
0.996372 -0.0119721 0.0842656 0.0614835
-0.00203639 0.986422 0.164214 1.11518
-0.0850855 -0.163794 0.982819 -0.157958
0 0 0 1
0.996208 -0.0121703 0.0861541 0.0612498
-0.00207551 0.986565 0.163352 1.11247
-0.0869828 -0.162916 0.982799 -0.169841
0 0 0 1
0.99604 -0.0123669 0.0880425 0.0611155
-0.00211296 0.986707 0.162491 1.10973
-0.0888798 -0.162037 0.982774 -0.181846
0 0 0 1
0.995869 -0.0125617 0.0899307 0.0610773
-0.00214875 0.986849 0.161629 1.10697
-0.0907765 -0.161158 0.982745 -0.193969
0 0 0 1
0.995694 -0.0127549 0.0918187 0.0611316
-0.00218288 0.986989 0.160766 1.10418
-0.0926729 -0.160279 0.982712 -0.206201
0 0 0 1
0.995516 -0.0129463 0.0937067 0.0612749
-0.00221534 0.987129 0.159904 1.10136
-0.0945689 -0.159399 0.982675 -0.218538
0 0 0 1
0.995334 -0.0131361 0.0955944 0.0615038
-0.00224614 0.987269 0.159042 1.09852
-0.0964647 -0.158518 0.982633 -0.230971
0 0 0 1
0.995148 -0.0133242 0.0974819 0.0618147
-0.00227528 0.987407 0.158179 1.09566
-0.0983601 -0.157637 0.982587 -0.243494
0 0 0 1
0.994959 -0.0135106 0.0993693 0.0622041
-0.00230275 0.987545 0.157316 1.09279
-0.100255 -0.156756 0.982536 -0.256101
0 0 0 1
0.994766 -0.0136952 0.101256 0.0626686
-0.00232855 0.987682 0.156453 1.08989
-0.10215 -0.155874 0.982481 -0.268785
0 0 0 1
0.99457 -0.0138782 0.103143 0.0632046
-0.0023527 0.987818 0.15559 1.08697
-0.104044 -0.154991 0.982422 -0.28154
0 0 0 1
0.99437 -0.0140596 0.10503 0.0638087
-0.00237517 0.987954 0.154726 1.08404
-0.105938 -0.154108 0.982359 -0.294358
0 0 0 1
0.994166 -0.0142392 0.106917 0.0644773
-0.00239599 0.988089 0.153863 1.0811
-0.107832 -0.153225 0.982291 -0.307234
0 0 0 1
0.993959 -0.0144171 0.108803 0.065207
-0.00241514 0.988223 0.152999 1.07814
-0.109725 -0.152341 0.982219 -0.32016
0 0 0 1
0.993748 -0.0145933 0.110689 0.0659942
-0.00243262 0.988356 0.152135 1.07517
-0.111618 -0.151457 0.982142 -0.333129
0 0 0 1
0.993534 -0.0147678 0.112575 0.0668356
-0.00244844 0.988489 0.151271 1.07219
-0.113511 -0.150572 0.982061 -0.346137
0 0 0 1
0.993316 -0.0149406 0.11446 0.0677275
-0.00246259 0.98862 0.150407 1.0692
-0.115403 -0.149687 0.981976 -0.359175
0 0 0 1
0.993094 -0.0151118 0.116346 0.0686665
-0.00247508 0.988752 0.149543 1.06621
-0.117295 -0.148802 0.981886 -0.372236
0 0 0 1
0.992869 -0.0152812 0.118231 0.069649
-0.0024859 0.988882 0.148678 1.0632
-0.119186 -0.147916 0.981792 -0.385316
0 0 0 1
0.99264 -0.0154489 0.120115 0.0706716
-0.00249506 0.989011 0.147814 1.06019
-0.121077 -0.147029 0.981694 -0.398406
0 0 0 1
0.992408 -0.0156149 0.122 0.0717308
-0.00250255 0.98914 0.146949 1.05718
-0.122968 -0.146142 0.981592 -0.4115
0 0 0 1
0.992171 -0.0157792 0.123884 0.0728232
-0.00250839 0.989268 0.146084 1.05417
-0.124858 -0.145255 0.981485 -0.424592
0 0 0 1
0.991932 -0.0159418 0.125768 0.0739451
-0.00251255 0.989396 0.145219 1.05115
-0.126747 -0.144367 0.981373 -0.437675
0 0 0 1
0.991689 -0.0161027 0.127651 0.0750931
-0.00251504 0.989522 0.144354 1.04814
-0.128636 -0.143479 0.981258 -0.450742
0 0 0 1
0.991442 -0.0162619 0.129534 0.0762637
-0.00251588 0.989648 0.143489 1.04512
-0.130525 -0.142591 0.981138 -0.463787
0 0 0 1
0.991191 -0.0164194 0.131417 0.0774534
-0.00251504 0.989773 0.142624 1.04211
-0.132413 -0.141702 0.981014 -0.476802
0 0 0 1
0.990937 -0.0165752 0.1333 0.0786587
-0.00251255 0.989897 0.141758 1.03911
-0.134301 -0.140812 0.980885 -0.489783
0 0 0 1
0.99068 -0.0167293 0.135182 0.0798761
-0.00250838 0.990021 0.140893 1.03611
-0.136188 -0.139923 0.980752 -0.502721
0 0 0 1
0.990419 -0.0168817 0.137064 0.0811022
-0.00250256 0.990144 0.140027 1.03311
-0.138075 -0.139033 0.980615 -0.51561
0 0 0 1
0.990154 -0.0170324 0.138945 0.0823334
-0.00249506 0.990266 0.139162 1.03013
-0.139961 -0.138142 0.980474 -0.528444
0 0 0 1
0.989886 -0.0171813 0.140826 0.0835662
-0.0024859 0.990387 0.138296 1.02715
-0.141847 -0.137251 0.980328 -0.541215
0 0 0 1
0.989613 -0.0173286 0.142707 0.0847971
-0.00247508 0.990508 0.13743 1.02419
-0.143732 -0.13636 0.980177 -0.553918
0 0 0 1
0.989338 -0.0174741 0.144587 0.0860227
-0.00246259 0.990628 0.136564 1.02124
-0.145617 -0.135468 0.980023 -0.566546
0 0 0 1
0.989059 -0.017618 0.146467 0.0872394
-0.00244844 0.990747 0.135698 1.0183
-0.147501 -0.134576 0.979864 -0.579092
0 0 0 1
0.988776 -0.0177601 0.148347 0.0884438
-0.00243262 0.990865 0.134832 1.01538
-0.149384 -0.133683 0.979701 -0.591549
0 0 0 1
0.98849 -0.0179005 0.150226 0.0896323
-0.00241514 0.990982 0.133966 1.01247
-0.151267 -0.132791 0.979533 -0.603911
0 0 0 1
0.9882 -0.0180392 0.152104 0.0908014
-0.00239598 0.991099 0.1331 1.00959
-0.15315 -0.131897 0.979361 -0.616171
0 0 0 1
0.987907 -0.0181762 0.153983 0.0919478
-0.00237517 0.991215 0.132233 1.00672
-0.155032 -0.131004 0.979185 -0.628322
0 0 0 1
0.98761 -0.0183115 0.15586 0.0930677
-0.0023527 0.99133 0.131367 1.00387
-0.156913 -0.13011 0.979005 -0.640359
0 0 0 1
0.987309 -0.018445 0.157738 0.0941578
-0.00232856 0.991445 0.130501 1.00104
-0.158794 -0.129216 0.97882 -0.652274
0 0 0 1
0.987005 -0.0185769 0.159615 0.0952146
-0.00230275 0.991559 0.129634 0.998241
-0.160674 -0.128321 0.978631 -0.664061
0 0 0 1
0.986697 -0.018707 0.161491 0.0962346
-0.00227528 0.991672 0.128768 0.995463
-0.162553 -0.127426 0.978437 -0.675713
0 0 0 1
0.986386 -0.0188354 0.163367 0.0972142
-0.00224614 0.991784 0.127901 0.992711
-0.164432 -0.126531 0.97824 -0.687223
0 0 0 1
0.986071 -0.0189621 0.165243 0.09815
-0.00221534 0.991895 0.127035 0.989986
-0.16631 -0.125635 0.978037 -0.698585
0 0 0 1
0.985753 -0.0190871 0.167118 0.0990385
-0.00218288 0.992006 0.126168 0.98729
-0.168188 -0.124739 0.977831 -0.709792
0 0 0 1
0.98543 -0.0192103 0.168992 0.0998762
-0.00214876 0.992116 0.125301 0.984624
-0.170065 -0.123843 0.97762 -0.720838
0 0 0 1
0.985105 -0.0193319 0.170866 0.10066
-0.00211296 0.992225 0.124435 0.981989
-0.171941 -0.122946 0.977405 -0.731715
0 0 0 1
0.984776 -0.0194517 0.17274 0.101385
-0.00207551 0.992333 0.123568 0.979387
-0.173817 -0.122049 0.977186 -0.742418
0 0 0 1
0.984443 -0.0195698 0.174612 0.102049
-0.00203639 0.992441 0.122701 0.976819
-0.175692 -0.121152 0.976962 -0.75294
0 0 0 1
0.984107 -0.0196862 0.176485 0.102649
-0.00199561 0.992548 0.121835 0.974286
-0.177566 -0.120254 0.976734 -0.763273
0 0 0 1
0.983767 -0.0198008 0.178357 0.10318
-0.00195316 0.992654 0.120968 0.971791
-0.17944 -0.119356 0.976502 -0.773413
0 0 0 1
0.983424 -0.0199138 0.180228 0.103639
-0.00190906 0.992759 0.120101 0.969333
-0.181313 -0.118458 0.976265 -0.783351
0 0 0 1
0.983077 -0.020025 0.182099 0.104024
-0.00186329 0.992864 0.119234 0.966915
-0.183185 -0.117559 0.976024 -0.793081
0 0 0 1
0.982726 -0.0201345 0.183969 0.104329
-0.00181586 0.992968 0.118367 0.964538
-0.185057 -0.116661 0.975779 -0.802597
0 0 0 1
0.982372 -0.0202423 0.185839 0.104552
-0.00176677 0.993071 0.117501 0.962203
-0.186928 -0.115761 0.975529 -0.811891
0 0 0 1
0.982014 -0.0203483 0.187708 0.104689
-0.00171602 0.993173 0.116634 0.959912
-0.188798 -0.114862 0.975275 -0.820959
0 0 0 1
0.981653 -0.0204527 0.189576 0.104737
-0.0016636 0.993275 0.115767 0.957665
-0.190667 -0.113962 0.975017 -0.829791
0 0 0 1
0.981288 -0.0205553 0.191444 0.104692
-0.00160952 0.993375 0.1149 0.955464
-0.192536 -0.113062 0.974755 -0.838383
0 0 0 1
0.98092 -0.0206562 0.193312 0.104551
-0.00155378 0.993475 0.114034 0.953312
-0.194404 -0.112162 0.974488 -0.846727
0 0 0 1
0.980548 -0.0207553 0.195178 0.10431
-0.00149638 0.993574 0.113167 0.951208
-0.196271 -0.111261 0.974217 -0.854817
0 0 0 1
0.980173 -0.0208528 0.197044 0.103966
-0.00143732 0.993673 0.1123 0.949154
-0.198138 -0.110361 0.973942 -0.862647
0 0 0 1
0.979794 -0.0209485 0.19891 0.103515
-0.0013766 0.99377 0.111434 0.947152
-0.200003 -0.109459 0.973662 -0.870209
0 0 0 1
0.979412 -0.0210425 0.200775 0.102954
-0.00131422 0.993867 0.110567 0.945203
-0.201868 -0.108558 0.973378 -0.877496
0 0 0 1
0.979026 -0.0211347 0.202639 0.10228
-0.00125018 0.993963 0.1097 0.943308
-0.203732 -0.107656 0.973089 -0.884504
0 0 0 1
0.978636 -0.0212253 0.204502 0.101488
-0.00118447 0.994059 0.108834 0.941469
-0.205596 -0.106755 0.972797 -0.891224
0 0 0 1
0.978243 -0.0213141 0.206365 0.100575
-0.00111711 0.994153 0.107967 0.939687
-0.207458 -0.105852 0.9725 -0.897649
0 0 0 1
0.977847 -0.0214011 0.208227 0.0995378
-0.00104809 0.994247 0.107101 0.937963
-0.20932 -0.10495 0.972199 -0.903775
0 0 0 1
0.977446 -0.0214865 0.210089 0.098373
-0.000977414 0.99434 0.106234 0.9363
-0.211181 -0.104047 0.971893 -0.909593
0 0 0 1
0.977043 -0.0215701 0.21195 0.0970771
-0.000905072 0.994433 0.105368 0.934697
-0.213041 -0.103145 0.971584 -0.915098
0 0 0 1
0.976636 -0.021652 0.21381 0.0956464
-0.000831082 0.994524 0.104502 0.933157
-0.2149 -0.102241 0.971269 -0.920282
0 0 0 1
0.976225 -0.0217322 0.215669 0.0940775
-0.000755424 0.994615 0.103635 0.93168
-0.216758 -0.101338 0.970951 -0.925139
0 0 0 1
0.975811 -0.0218106 0.217528 0.0923668
-0.000678114 0.994704 0.102769 0.930268
-0.218616 -0.100435 0.970629 -0.929662
0 0 0 1
0.975393 -0.0218873 0.219386 0.090511
-0.000599148 0.994794 0.101903 0.928923
-0.220473 -0.0995308 0.970302 -0.933845
0 0 0 1
0.974972 -0.0219623 0.221243 0.0885065
-0.000518525 0.994882 0.101037 0.927646
-0.222328 -0.0986267 0.96997 -0.937681
0 0 0 1
0.974547 -0.0220355 0.2231 0.0863497
-0.000436246 0.99497 0.100171 0.926438
-0.224183 -0.0977225 0.969635 -0.941164
0 0 0 1
0.974119 -0.022107 0.224956 0.0840373
-0.00035231 0.995056 0.0993053 0.9253
-0.226037 -0.0968181 0.969295 -0.944286
0 0 0 1
0.973687 -0.0221768 0.226811 0.0815656
-0.000266718 0.995143 0.0984395 0.924235
-0.227891 -0.0959134 0.968951 -0.947042
0 0 0 1
0.973251 -0.0222449 0.228665 0.0789313
-0.000179462 0.995228 0.0975737 0.923242
-0.229743 -0.0950085 0.968603 -0.949425
0 0 0 1
0.972812 -0.0223112 0.230519 0.0761307
-9.05636e-05 0.995312 0.0967081 0.922324
-0.231594 -0.0941034 0.96825 -0.951427
0 0 0 1
0.97237 -0.0223758 0.232372 0.0731605
0 0.995396 0.0958426 0.921482
-0.233445 -0.0931982 0.967893 -0.953042
0 0 0 1
0.97237 -0.0223758 0.232372 0.0731604
-5.58793e-09 0.995396 0.0958426 0.921482
-0.233445 -0.0931982 0.967893 -0.953043
0 0 0 1
0.970346 -0.0230843 0.240616 0.0688409
-3.63011e-05 0.995416 0.0956379 0.920418
-0.241719 -0.0928142 0.965897 -0.954703
0 0 0 1
0.968252 -0.0237896 0.248844 0.0641207
-7.0842e-05 0.995435 0.0954328 0.919389
-0.249977 -0.0924242 0.96383 -0.955874
0 0 0 1
0.966087 -0.0244915 0.257054 0.0590235
-0.000103623 0.995455 0.0952274 0.918397
-0.258216 -0.0920282 0.961694 -0.956572
0 0 0 1
0.963852 -0.0251901 0.265245 0.0535735
-0.000134649 0.995475 0.0950218 0.917441
-0.266436 -0.0916263 0.959487 -0.956815
0 0 0 1
0.961548 -0.0258851 0.273417 0.0477943
-0.000163916 0.995494 0.0948159 0.916523
-0.274638 -0.0912184 0.957211 -0.956617
0 0 0 1
0.959173 -0.0265767 0.281569 0.0417103
-0.000191418 0.995514 0.0946098 0.915646
-0.282819 -0.0908046 0.954865 -0.955995
0 0 0 1
0.956729 -0.0272647 0.289701 0.0353451
-0.000217155 0.995534 0.0944034 0.914809
-0.29098 -0.0903849 0.95245 -0.954965
0 0 0 1
0.954216 -0.0279491 0.297812 0.0287229
-0.000241125 0.995553 0.0941968 0.914013
-0.299119 -0.0899594 0.949965 -0.953544
0 0 0 1
0.951633 -0.0286299 0.305902 0.0218675
-0.00026333 0.995573 0.09399 0.913261
-0.307237 -0.0895281 0.947412 -0.951749
0 0 0 1
0.948981 -0.0293069 0.31397 0.0148029
-0.000283763 0.995592 0.0937831 0.912553
-0.315333 -0.0890909 0.94479 -0.949594
0 0 0 1
0.946261 -0.0299802 0.322015 0.0075531
-0.000302419 0.995612 0.0935759 0.91189
-0.323405 -0.088648 0.942099 -0.947096
0 0 0 1
0.943471 -0.0306497 0.330036 0.000142063
-0.000319302 0.995631 0.0933686 0.911273
-0.331454 -0.0881994 0.939339 -0.944272
0 0 0 1
0.940613 -0.0313154 0.338034 -0.00740626
-0.000334421 0.995651 0.0931612 0.910704
-0.33948 -0.0877451 0.936511 -0.941139
0 0 0 1
0.937687 -0.0319772 0.346008 -0.015068
-0.000347758 0.99567 0.0929536 0.910184
-0.34748 -0.0872852 0.933616 -0.937711
0 0 0 1
0.934693 -0.032635 0.353956 -0.0228191
-0.000359313 0.995689 0.092746 0.909714
-0.355456 -0.0868196 0.930652 -0.934006
0 0 0 1
0.931631 -0.0332888 0.361879 -0.0306356
-0.000369105 0.995709 0.0925382 0.909294
-0.363405 -0.0863484 0.927621 -0.930039
0 0 0 1
0.928502 -0.0339386 0.369776 -0.0384936
-0.000377104 0.995728 0.0923304 0.908927
-0.371328 -0.0858717 0.924522 -0.925828
0 0 0 1
0.925305 -0.0345843 0.377646 -0.0463691
-0.000383332 0.995747 0.0921225 0.908614
-0.379225 -0.0853894 0.921356 -0.921388
0 0 0 1
0.92204 -0.0352259 0.385489 -0.0542381
-0.000387784 0.995766 0.0919145 0.908354
-0.387093 -0.0849017 0.918123 -0.916735
0 0 0 1
0.918709 -0.0358633 0.393304 -0.0620767
-0.000390451 0.995786 0.0917065 0.908151
-0.394934 -0.0844085 0.914823 -0.911886
0 0 0 1
0.915312 -0.0364964 0.401091 -0.069861
-0.000391345 0.995805 0.0914985 0.908004
-0.402746 -0.0839099 0.911457 -0.906857
0 0 0 1
0.911847 -0.0371253 0.408849 -0.077567
-0.000390459 0.995824 0.0912905 0.907915
-0.410529 -0.0834059 0.908025 -0.901664
0 0 0 1
0.908317 -0.0377499 0.416577 -0.0851706
-0.000387784 0.995843 0.0910825 0.907885
-0.418282 -0.0828965 0.904526 -0.896324
0 0 0 1
0.904721 -0.0383701 0.424275 -0.092648
-0.000383336 0.995862 0.0908745 0.907916
-0.426004 -0.0823819 0.900962 -0.890853
0 0 0 1
0.901059 -0.0389859 0.431942 -0.0999752
-0.000377107 0.995881 0.0906666 0.908008
-0.433696 -0.081862 0.897333 -0.885267
0 0 0 1
0.897332 -0.0395973 0.439578 -0.107128
-0.000369098 0.9959 0.0904587 0.908163
-0.441356 -0.0813369 0.893637 -0.879582
0 0 0 1
0.893539 -0.0402041 0.447183 -0.114083
-0.000359315 0.995919 0.0902509 0.908381
-0.448984 -0.0808065 0.889878 -0.873815
0 0 0 1
0.889682 -0.0408064 0.454755 -0.120816
-0.000347756 0.995937 0.0900432 0.908664
-0.45658 -0.0802711 0.886053 -0.867982
0 0 0 1
0.885761 -0.0414042 0.462294 -0.127303
-0.000334423 0.995956 0.0898356 0.909014
-0.464142 -0.0797305 0.882164 -0.862098
0 0 0 1
0.881775 -0.0419973 0.469799 -0.13352
-0.000319306 0.995975 0.089628 0.90943
-0.471671 -0.0791848 0.878211 -0.856182
0 0 0 1
0.877724 -0.0425857 0.477271 -0.139442
-0.000302423 0.995993 0.0894207 0.909915
-0.479166 -0.0786341 0.874194 -0.850247
0 0 0 1
0.873611 -0.0431694 0.484709 -0.145047
-0.000283755 0.996012 0.0892135 0.910469
-0.486625 -0.0780784 0.870114 -0.844312
0 0 0 1
0.869434 -0.0437484 0.492111 -0.15031
-0.00026333 0.996031 0.0890064 0.911094
-0.49405 -0.0775177 0.86597 -0.838392
0 0 0 1
0.865193 -0.0443225 0.499477 -0.155208
-0.000241127 0.996049 0.0887995 0.911791
-0.501438 -0.0769522 0.861764 -0.832503
0 0 0 1
0.86089 -0.0448918 0.506808 -0.159715
-0.000217155 0.996068 0.0885928 0.91256
-0.50879 -0.0763817 0.857495 -0.826662
0 0 0 1
0.856525 -0.0454563 0.514102 -0.163809
-0.00019142 0.996086 0.0883863 0.913404
-0.516106 -0.0758064 0.853163 -0.820886
0 0 0 1
0.852097 -0.0460158 0.521358 -0.167465
-0.000163924 0.996104 0.0881801 0.914323
-0.523383 -0.0752264 0.848769 -0.815189
0 0 0 1
0.847608 -0.0465703 0.528577 -0.170659
-0.000134651 0.996122 0.0879741 0.915318
-0.530623 -0.0746416 0.844314 -0.809588
0 0 0 1
0.843057 -0.0471199 0.535758 -0.173368
-0.000103623 0.99614 0.0877683 0.916392
-0.537825 -0.074052 0.839797 -0.804101
0 0 0 1
0.838444 -0.0476644 0.5429 -0.175567
-7.08401e-05 0.996158 0.0875628 0.917543
-0.544987 -0.0734578 0.83522 -0.798742
0 0 0 1
0.833771 -0.0482038 0.550003 -0.177232
-3.62992e-05 0.996177 0.0873576 0.918775
-0.55211 -0.072859 0.830581 -0.793529
0 0 0 1
0.829038 -0.0487381 0.557066 -0.17834
-3.72529e-09 0.996195 0.0871527 0.920088
-0.559192 -0.0722556 0.825882 -0.788477
0 0 0 1
0.829038 -0.0487381 0.557066 -0.178867
0 0.996195 0.0871526 0.921482
-0.559192 -0.0722557 0.825883 -0.783604
0 0 0 1
0.824775 -0.0522294 0.563046 -0.178825
0.00111906 0.995874 0.090735 0.922798
-0.565461 -0.0742086 0.821429 -0.779443
0 0 0 1
0.82046 -0.0557344 0.568982 -0.178309
0.00221083 0.995539 0.0943244 0.924235
-0.571699 -0.0761343 0.816922 -0.775298
0 0 0 1
0.816096 -0.0592528 0.574873 -0.17733
0.00327519 0.995188 0.0979207 0.925793
-0.577908 -0.0780326 0.812362 -0.771168
0 0 0 1
0.811681 -0.0627845 0.580718 -0.175898
0.0043121 0.994823 0.101523 0.927467
-0.584085 -0.0799033 0.807749 -0.76705
0 0 0 1
0.807217 -0.0663292 0.586518 -0.174024
0.00532147 0.994444 0.105133 0.929256
-0.590231 -0.0817463 0.803084 -0.762943
0 0 0 1
0.802703 -0.0698866 0.592272 -0.171719
0.00630324 0.994049 0.108748 0.931156
-0.596346 -0.0835615 0.798366 -0.758845
0 0 0 1
0.79814 -0.0734565 0.597978 -0.168993
0.00725732 0.99364 0.112369 0.933165
-0.602428 -0.0853488 0.793596 -0.754755
0 0 0 1
0.793529 -0.0770386 0.603638 -0.165858
0.00818365 0.993216 0.115995 0.935279
-0.608478 -0.0871079 0.788775 -0.750669
0 0 0 1
0.788869 -0.0806326 0.609251 -0.162323
0.00908219 0.992777 0.119627 0.937497
-0.614495 -0.0888389 0.783903 -0.746588
0 0 0 1
0.784161 -0.0842383 0.614815 -0.1584
0.00995283 0.992324 0.123263 0.939814
-0.620478 -0.0905416 0.778979 -0.742508
0 0 0 1
0.779405 -0.0878555 0.620332 -0.1541
0.0107955 0.991856 0.126904 0.942229
-0.626427 -0.0922157 0.774005 -0.738429
0 0 0 1
0.774602 -0.0914838 0.625799 -0.149432
0.0116103 0.991373 0.13055 0.944739
-0.632342 -0.0938614 0.768981 -0.734347
0 0 0 1
0.769752 -0.0951231 0.631218 -0.144408
0.0123969 0.990876 0.1342 0.947341
-0.638223 -0.0954783 0.763907 -0.730263
0 0 0 1
0.764855 -0.0987731 0.636587 -0.139038
0.0131554 0.990365 0.137854 0.950031
-0.644068 -0.0970664 0.758784 -0.726173
0 0 0 1
0.759911 -0.102433 0.641907 -0.133333
0.0138858 0.989838 0.141512 0.952808
-0.649878 -0.0986256 0.753611 -0.722075
0 0 0 1
0.754922 -0.106104 0.647176 -0.127304
0.014588 0.989298 0.145173 0.955668
-0.655652 -0.100156 0.74839 -0.717969
0 0 0 1
0.749887 -0.109784 0.652395 -0.120962
0.0152618 0.988743 0.148837 0.958609
-0.66139 -0.101657 0.743121 -0.713853
0 0 0 1
0.744807 -0.113474 0.657563 -0.114316
0.0159074 0.988174 0.152504 0.961628
-0.66709 -0.103129 0.737803 -0.709724
0 0 0 1
0.739682 -0.117173 0.662679 -0.107379
0.0165246 0.987591 0.156174 0.964722
-0.672754 -0.104571 0.732438 -0.70558
0 0 0 1
0.734512 -0.120882 0.667744 -0.10016
0.0171133 0.986993 0.159846 0.967887
-0.67838 -0.105984 0.727026 -0.701421
0 0 0 1
0.729298 -0.124599 0.672757 -0.0926705
0.0176737 0.986381 0.163521 0.971123
-0.683968 -0.107367 0.721567 -0.697244
0 0 0 1
0.72404 -0.128325 0.677717 -0.0849209
0.0182055 0.985755 0.167197 0.974425
-0.689517 -0.108721 0.716062 -0.693047
0 0 0 1
0.718739 -0.132059 0.682625 -0.0769219
0.0187088 0.985114 0.170874 0.977791
-0.695028 -0.110045 0.71051 -0.688829
0 0 0 1
0.713395 -0.135801 0.68748 -0.0686843
0.0191835 0.98446 0.174553 0.981219
-0.7005 -0.111339 0.704913 -0.684588
0 0 0 1
0.708008 -0.13955 0.692281 -0.0602189
0.0196297 0.983792 0.178233 0.984704
-0.705932 -0.112604 0.699271 -0.680322
0 0 0 1
0.702579 -0.143308 0.697028 -0.0515361
0.0200472 0.983109 0.181914 0.988245
-0.711324 -0.113838 0.693584 -0.676029
0 0 0 1
0.697108 -0.147072 0.701722 -0.0426468
0.020436 0.982413 0.185595 0.991838
-0.716675 -0.115042 0.687852 -0.671708
0 0 0 1
0.691595 -0.150844 0.70636 -0.0335618
0.0207961 0.981703 0.189277 0.995482
-0.721986 -0.116216 0.682077 -0.667356
0 0 0 1
0.686041 -0.154622 0.710945 -0.0242915
0.0211276 0.980978 0.192959 0.999173
-0.727256 -0.117359 0.676258 -0.662973
0 0 0 1
0.680447 -0.158406 0.715474 -0.0148468
0.0214302 0.980241 0.19664 1.00291
-0.732484 -0.118472 0.670396 -0.658555
0 0 0 1
0.674812 -0.162197 0.719947 -0.00523847
0.0217042 0.979489 0.200321 1.00668
-0.73767 -0.119555 0.664491 -0.654102
0 0 0 1
0.669137 -0.165993 0.724365 0.00452289
0.0219493 0.978724 0.204001 1.0105
-0.742815 -0.120607 0.658543 -0.649611
0 0 0 1
0.663423 -0.169795 0.728726 0.0144266
0.0221656 0.977945 0.20768 1.01435
-0.747916 -0.121629 0.652554 -0.645081
0 0 0 1
0.65767 -0.173602 0.733032 0.0244619
0.0223532 0.977152 0.211358 1.01823
-0.752974 -0.12262 0.646523 -0.64051
0 0 0 1
0.651878 -0.177415 0.73728 0.0346182
0.0225119 0.976346 0.215034 1.02215
-0.75799 -0.12358 0.640452 -0.635897
0 0 0 1
0.646048 -0.181232 0.741472 0.0448846
0.0226417 0.975527 0.218708 1.02609
-0.762961 -0.124509 0.634339 -0.631238
0 0 0 1
0.64018 -0.185053 0.745606 0.0552506
0.0227428 0.974694 0.22238 1.03006
-0.767888 -0.125408 0.628187 -0.626534
0 0 0 1
0.634274 -0.188879 0.749683 0.0657054
0.0228149 0.973848 0.22605 1.03405
-0.772772 -0.126275 0.621995 -0.621781
0 0 0 1
0.628331 -0.192709 0.753701 0.0762383
0.0228582 0.972988 0.229717 1.03806
-0.77761 -0.127112 0.615763 -0.616978
0 0 0 1
0.622352 -0.196543 0.757662 0.0868386
0.0228727 0.972115 0.233381 1.04208
-0.782403 -0.127917 0.609493 -0.612123
0 0 0 1
0.616337 -0.200379 0.761564 0.0974957
0.0228582 0.971229 0.237042 1.04612
-0.78715 -0.128692 0.603184 -0.607215
0 0 0 1
0.610286 -0.204219 0.765407 0.108199
0.0228149 0.97033 0.2407 1.05017
-0.791852 -0.129435 0.596838 -0.602251
0 0 0 1
0.6042 -0.208062 0.769192 0.118937
0.0227428 0.969418 0.244354 1.05422
-0.796508 -0.130147 0.590454 -0.597231
0 0 0 1
0.598079 -0.211908 0.772917 0.1297
0.0226417 0.968493 0.248004 1.05829
-0.801117 -0.130827 0.584032 -0.592151
0 0 0 1
0.591923 -0.215755 0.776582 0.140477
0.0225119 0.967555 0.25165 1.06235
-0.80568 -0.131477 0.577575 -0.587011
0 0 0 1
0.585734 -0.219605 0.780188 0.151257
0.0223532 0.966605 0.255291 1.06641
-0.810195 -0.132095 0.571081 -0.581809
0 0 0 1
0.579511 -0.223456 0.783733 0.16203
0.0221656 0.965641 0.258928 1.07048
-0.814663 -0.132681 0.564552 -0.576542
0 0 0 1
0.573254 -0.227309 0.787219 0.172784
0.0219493 0.964665 0.262559 1.07453
-0.819083 -0.133236 0.557987 -0.571209
0 0 0 1
0.566966 -0.231163 0.790643 0.18351
0.0217042 0.963676 0.266186 1.07858
-0.823455 -0.133759 0.551388 -0.565808
0 0 0 1
0.560645 -0.235018 0.794007 0.194196
0.0214302 0.962675 0.269807 1.08261
-0.827779 -0.134251 0.544754 -0.560338
0 0 0 1
0.554292 -0.238874 0.79731 0.204831
0.0211276 0.961661 0.273422 1.08663
-0.832054 -0.134712 0.538087 -0.554796
0 0 0 1
0.547908 -0.24273 0.800551 0.215406
0.0207961 0.960635 0.277031 1.09063
-0.83628 -0.13514 0.531386 -0.549181
0 0 0 1
0.541493 -0.246586 0.803731 0.225909
0.020436 0.959596 0.280634 1.09462
-0.840457 -0.135538 0.524653 -0.543491
0 0 0 1
0.535048 -0.250442 0.806849 0.236329
0.0200471 0.958545 0.28423 1.09858
-0.844584 -0.135903 0.517888 -0.537725
0 0 0 1
0.528573 -0.254297 0.809905 0.246657
0.0196296 0.957482 0.287819 1.10251
-0.848661 -0.136237 0.51109 -0.531879
0 0 0 1
0.522068 -0.258152 0.812899 0.25688
0.0191835 0.956407 0.291402 1.10642
-0.852688 -0.136539 0.504261 -0.525954
0 0 0 1
0.515535 -0.262006 0.815831 0.266989
0.0187088 0.95532 0.294977 1.11029
-0.856664 -0.136809 0.497402 -0.519946
0 0 0 1
0.508973 -0.265858 0.8187 0.276973
0.0182055 0.954221 0.298544 1.11413
-0.86059 -0.137047 0.490512 -0.513855
0 0 0 1
0.502383 -0.269709 0.821506 0.286821
0.0176736 0.95311 0.302104 1.11794
-0.864465 -0.137254 0.483592 -0.507677
0 0 0 1
0.495765 -0.273558 0.824249 0.296523
0.0171133 0.951987 0.305656 1.1217
-0.868288 -0.137429 0.476643 -0.501413
0 0 0 1
0.489121 -0.277405 0.826929 0.306067
0.0165245 0.950853 0.309199 1.12543
-0.87206 -0.137572 0.469665 -0.495059
0 0 0 1
0.482449 -0.281249 0.829545 0.315443
0.0159073 0.949706 0.312734 1.1291
-0.875779 -0.137683 0.462658 -0.488614
0 0 0 1
0.475752 -0.285091 0.832098 0.32464
0.0152618 0.948549 0.31626 1.13273
-0.879447 -0.137763 0.455624 -0.482076
0 0 0 1
0.469029 -0.28893 0.834587 0.333648
0.0145879 0.947379 0.319776 1.13631
-0.883062 -0.13781 0.448562 -0.475443
0 0 0 1
0.46228 -0.292765 0.837012 0.342456
0.0138858 0.946199 0.323284 1.13984
-0.886625 -0.137826 0.441474 -0.468714
0 0 0 1
0.455508 -0.296597 0.839373 0.351053
0.0131554 0.945007 0.326781 1.14331
-0.890135 -0.13781 0.434359 -0.461887
0 0 0 1
0.448711 -0.300426 0.841669 0.359429
0.0123969 0.943804 0.330269 1.14672
-0.893591 -0.137762 0.427218 -0.45496
0 0 0 1
0.44189 -0.30425 0.843901 0.367572
0.0116102 0.94259 0.333747 1.15007
-0.896994 -0.137682 0.420052 -0.447931
0 0 0 1
0.435046 -0.30807 0.846069 0.375473
0.0107955 0.941364 0.337215 1.15335
-0.900344 -0.137571 0.412861 -0.440798
0 0 0 1
0.428179 -0.311885 0.848171 0.38312
0.00995278 0.940128 0.340672 1.15657
-0.903639 -0.137427 0.405646 -0.43356
0 0 0 1
0.42129 -0.315696 0.850209 0.390502
0.00908214 0.938881 0.344118 1.15971
-0.906881 -0.137252 0.398407 -0.426215
0 0 0 1
0.414379 -0.319501 0.852181 0.39761
0.00818362 0.937623 0.347553 1.16279
-0.910068 -0.137045 0.391145 -0.418761
0 0 0 1
0.407447 -0.323301 0.854088 0.404431
0.00725729 0.936355 0.350976 1.16578
-0.9132 -0.136806 0.38386 -0.411196
0 0 0 1
0.400494 -0.327095 0.855931 0.410957
0.00630317 0.935076 0.354388 1.1687
-0.916278 -0.136536 0.376553 -0.403519
0 0 0 1
0.393521 -0.330884 0.857707 0.417175
0.00532144 0.933786 0.357788 1.17154
-0.9193 -0.136234 0.369224 -0.395728
0 0 0 1
0.386528 -0.334666 0.859418 0.423075
0.00431204 0.932486 0.361177 1.17429
-0.922268 -0.1359 0.361874 -0.38782
0 0 0 1
0.379516 -0.338441 0.861063 0.428647
0.00327515 0.931176 0.364552 1.17696
-0.925179 -0.135534 0.354503 -0.379795
0 0 0 1
0.372485 -0.34221 0.862642 0.43388
0.0022108 0.929855 0.367916 1.17953
-0.928036 -0.135136 0.347112 -0.37165
0 0 0 1
0.365436 -0.345972 0.864155 0.438763
0.00111903 0.928524 0.371266 1.18202
-0.930836 -0.134707 0.339702 -0.363383
0 0 0 1
0.358369 -0.349726 0.865602 0.443285
-3.72529e-08 0.927184 0.374604 1.1844
-0.93358 -0.134247 0.332273 -0.354993
0 0 0 1
0.358369 -0.349726 0.865602 0.443286
-7.45058e-09 0.927184 0.374604 1.1844
-0.93358 -0.134247 0.332273 -0.354992
0 0 0 1
0.362525 -0.347821 0.864639 0.446738
0.000464484 0.927815 0.373037 1.18629
-0.931974 -0.134834 0.336516 -0.348023
0 0 0 1
0.366674 -0.345911 0.863655 0.450029
0.000921428 0.928444 0.371467 1.18814
-0.930349 -0.135412 0.340754 -0.340889
0 0 0 1
0.370817 -0.343999 0.862649 0.453162
0.00137082 0.929072 0.369894 1.18994
-0.928705 -0.135981 0.344986 -0.333594
0 0 0 1
0.374952 -0.342083 0.861623 0.456137
0.00181267 0.929697 0.368318 1.19171
-0.927042 -0.13654 0.349211 -0.326139
0 0 0 1
0.379082 -0.340163 0.860575 0.45896
0.00224695 0.93032 0.366738 1.19344
-0.925361 -0.137091 0.35343 -0.318528
0 0 0 1
0.383204 -0.338241 0.859507 0.461631
0.00267365 0.930941 0.365157 1.19514
-0.92366 -0.137632 0.357643 -0.310764
0 0 0 1
0.387319 -0.336315 0.858417 0.464154
0.00309278 0.93156 0.363572 1.19679
-0.921941 -0.138164 0.36185 -0.30285
0 0 0 1
0.391427 -0.334385 0.857307 0.466532
0.00350432 0.932176 0.361984 1.19841
-0.920203 -0.138687 0.36605 -0.294789
0 0 0 1
0.395528 -0.332453 0.856175 0.468766
0.00390824 0.932791 0.360394 1.2
-0.918446 -0.1392 0.370243 -0.286582
0 0 0 1
0.399621 -0.330518 0.855023 0.470861
0.00430456 0.933403 0.358801 1.20155
-0.91667 -0.139705 0.374429 -0.278234
0 0 0 1
0.403707 -0.328579 0.85385 0.472817
0.0046933 0.934013 0.357205 1.20307
-0.914876 -0.1402 0.378609 -0.269748
0 0 0 1
0.407786 -0.326637 0.852656 0.474639
0.00507435 0.934621 0.355606 1.20455
-0.913063 -0.140685 0.382782 -0.261125
0 0 0 1
0.411857 -0.324693 0.851441 0.476328
0.00544777 0.935226 0.354005 1.206
-0.911232 -0.141162 0.386947 -0.252369
0 0 0 1
0.41592 -0.322745 0.850206 0.477888
0.00581358 0.935829 0.352401 1.20742
-0.909383 -0.141629 0.391106 -0.243483
0 0 0 1
0.419976 -0.320795 0.848949 0.47932
0.00617168 0.93643 0.350795 1.20881
-0.907514 -0.142087 0.395257 -0.23447
0 0 0 1
0.424024 -0.318841 0.847672 0.480629
0.00652218 0.937029 0.349186 1.21016
-0.905628 -0.142535 0.399401 -0.225333
0 0 0 1
0.428063 -0.316885 0.846374 0.481815
0.00686496 0.937626 0.347575 1.21149
-0.903723 -0.142974 0.403538 -0.216074
0 0 0 1
0.432095 -0.314926 0.845056 0.482882
0.00720008 0.93822 0.345961 1.21278
-0.901799 -0.143404 0.407667 -0.206696
0 0 0 1
0.436119 -0.312964 0.843716 0.483833
0.00752751 0.938812 0.344344 1.21405
-0.899858 -0.143825 0.411788 -0.197203
0 0 0 1
0.440134 -0.311 0.842357 0.484671
0.00784725 0.939401 0.342726 1.21528
-0.897898 -0.144236 0.415902 -0.187597
0 0 0 1
0.444141 -0.309033 0.840976 0.485397
0.00815925 0.939988 0.341105 1.21649
-0.89592 -0.144638 0.420008 -0.177881
0 0 0 1
0.448139 -0.307064 0.839575 0.486015
0.00846361 0.940573 0.339481 1.21767
-0.893923 -0.14503 0.424106 -0.168057
0 0 0 1
0.452129 -0.305091 0.838154 0.486527
0.0087602 0.941156 0.337856 1.21883
-0.891909 -0.145413 0.428196 -0.15813
0 0 0 1
0.456111 -0.303117 0.836712 0.486936
0.0090491 0.941736 0.336228 1.21995
-0.889877 -0.145787 0.432278 -0.148101
0 0 0 1
0.460084 -0.30114 0.835249 0.487244
0.00933026 0.942313 0.334598 1.22106
-0.887826 -0.146151 0.436352 -0.137974
0 0 0 1
0.464048 -0.29916 0.833766 0.487455
0.00960371 0.942889 0.332965 1.22213
-0.885758 -0.146506 0.440417 -0.127751
0 0 0 1
0.468003 -0.297178 0.832263 0.487571
0.00986937 0.943462 0.331331 1.22319
-0.883672 -0.146851 0.444475 -0.117436
0 0 0 1
0.471949 -0.295194 0.830739 0.487594
0.0101273 0.944032 0.329694 1.22422
-0.881568 -0.147187 0.448524 -0.107031
0 0 0 1
0.475886 -0.293208 0.829196 0.487527
0.0103775 0.9446 0.328056 1.22522
-0.879446 -0.147513 0.452564 -0.0965385
0 0 0 1
0.479814 -0.291219 0.827631 0.487373
0.0106199 0.945165 0.326415 1.2262
-0.877306 -0.14783 0.456595 -0.0859625
0 0 0 1
0.483733 -0.289228 0.826047 0.487135
0.0108545 0.945728 0.324773 1.22717
-0.875148 -0.148138 0.460618 -0.0753052
0 0 0 1
0.487642 -0.287235 0.824442 0.486815
0.0110814 0.946289 0.323128 1.22811
-0.872973 -0.148436 0.464632 -0.0645697
0 0 0 1
0.491542 -0.28524 0.822817 0.486415
0.0113005 0.946847 0.321482 1.22903
-0.87078 -0.148725 0.468638 -0.0537588
0 0 0 1
0.495433 -0.283243 0.821172 0.485939
0.0115119 0.947403 0.319834 1.22992
-0.86857 -0.149004 0.472634 -0.0428754
0 0 0 1
0.499313 -0.281243 0.819507 0.485389
0.0117154 0.947955 0.318184 1.2308
-0.866342 -0.149274 0.476621 -0.0319225
0 0 0 1
0.503184 -0.279242 0.817822 0.484768
0.0119111 0.948506 0.316532 1.23166
-0.864097 -0.149534 0.480599 -0.0209028
0 0 0 1
0.507046 -0.277239 0.816116 0.484078
0.0120991 0.949054 0.314878 1.23251
-0.861834 -0.149785 0.484567 -0.00981927
0 0 0 1
0.510898 -0.275234 0.814391 0.483323
0.0122793 0.949599 0.313223 1.23333
-0.859554 -0.150026 0.488527 0.00132522
0 0 0 1
0.514739 -0.273228 0.812646 0.482504
0.0124516 0.950142 0.311566 1.23414
-0.857256 -0.150258 0.492476 0.0125278
0 0 0 1
0.518571 -0.271219 0.810881 0.481625
0.0126161 0.950682 0.309907 1.23493
-0.854942 -0.15048 0.496417 0.0237855
0 0 0 1
0.522392 -0.269209 0.809096 0.480687
0.0127729 0.951219 0.308247 1.2357
-0.85261 -0.150693 0.500347 0.0350955
0 0 0 1
0.526204 -0.267197 0.807291 0.479695
0.0129219 0.951754 0.306585 1.23646
-0.85026 -0.150896 0.504268 0.046455
0 0 0 1
0.530004 -0.265183 0.805467 0.478649
0.0130629 0.952287 0.304922 1.23721
-0.847894 -0.151089 0.508179 0.0578609
0 0 0 1
0.533795 -0.263168 0.803622 0.477554
0.0131962 0.952816 0.303257 1.23794
-0.845511 -0.151273 0.51208 0.0693107
0 0 0 1
0.537575 -0.261151 0.801758 0.476411
0.0133216 0.953343 0.30159 1.23865
-0.843111 -0.151448 0.515972 0.080801
0 0 0 1
0.541345 -0.259133 0.799875 0.475224
0.0134393 0.953868 0.299923 1.23936
-0.840693 -0.151613 0.519853 0.0923294
0 0 0 1
0.545103 -0.257114 0.797971 0.473995
0.0135491 0.954389 0.298254 1.24005
-0.838259 -0.151769 0.523724 0.103893
0 0 0 1
0.548851 -0.255093 0.796048 0.472726
0.0136511 0.954908 0.296583 1.24073
-0.835808 -0.151915 0.527584 0.115488
0 0 0 1
0.552589 -0.25307 0.794106 0.471421
0.0137452 0.955424 0.294912 1.2414
-0.833341 -0.152051 0.531435 0.127113
0 0 0 1
0.556315 -0.251047 0.792144 0.470082
0.0138315 0.955938 0.293239 1.24206
-0.830856 -0.152178 0.535274 0.138764
0 0 0 1
0.560031 -0.249022 0.790163 0.468711
0.01391 0.956449 0.291564 1.24271
-0.828355 -0.152295 0.539104 0.150438
0 0 0 1
0.563735 -0.246995 0.788162 0.467312
0.0139806 0.956957 0.289889 1.24335
-0.825837 -0.152403 0.542923 0.162133
0 0 0 1
0.567428 -0.244968 0.786142 0.465886
0.0140433 0.957462 0.288213 1.24398
-0.823303 -0.152501 0.546731 0.173846
0 0 0 1
0.57111 -0.24294 0.784103 0.464438
0.0140983 0.957965 0.286535 1.2446
-0.820752 -0.15259 0.550528 0.185574
0 0 0 1
0.574781 -0.24091 0.782044 0.462968
0.0141454 0.958465 0.284856 1.24522
-0.818185 -0.152669 0.554314 0.197313
0 0 0 1
0.57844 -0.238879 0.779966 0.46148
0.0141846 0.958962 0.283177 1.24583
-0.815602 -0.152739 0.55809 0.209062
0 0 0 1
0.582088 -0.236848 0.777869 0.459977
0.014216 0.959456 0.281496 1.24643
-0.813002 -0.152799 0.561854 0.220817
0 0 0 1
0.585724 -0.234815 0.775753 0.458461
0.0142395 0.959947 0.279814 1.24703
-0.810386 -0.152849 0.565607 0.232575
0 0 0 1
0.589348 -0.232782 0.773618 0.456935
0.0142552 0.960436 0.278132 1.24762
-0.807753 -0.15289 0.569349 0.244333
0 0 0 1
0.592961 -0.230747 0.771464 0.455402
0.0142631 0.960922 0.276448 1.24821
-0.805105 -0.152921 0.57308 0.25609
0 0 0 1
0.596562 -0.228712 0.76929 0.453864
0.0142631 0.961405 0.274764 1.24879
-0.80244 -0.152943 0.576799 0.26784
0 0 0 1
0.600151 -0.226676 0.767098 0.452323
0.0142552 0.961885 0.273079 1.24937
-0.79976 -0.152955 0.580507 0.279583
0 0 0 1
0.603728 -0.22464 0.764887 0.450783
0.0142395 0.962362 0.271393 1.24995
-0.797063 -0.152958 0.584203 0.291314
0 0 0 1
0.607293 -0.222603 0.762658 0.449246
0.014216 0.962837 0.269707 1.25052
-0.794351 -0.152951 0.587887 0.303031
0 0 0 1
0.610846 -0.220565 0.760409 0.447715
0.0141846 0.963308 0.268019 1.2511
-0.791623 -0.152934 0.59156 0.314732
0 0 0 1
0.614386 -0.218527 0.758142 0.446193
0.0141454 0.963777 0.266332 1.25167
-0.788879 -0.152908 0.595221 0.326412
0 0 0 1
0.617914 -0.216488 0.755856 0.444682
0.0140983 0.964242 0.264643 1.25225
-0.786119 -0.152872 0.59887 0.33807
0 0 0 1
0.62143 -0.214448 0.753551 0.443184
0.0140433 0.964705 0.262954 1.25282
-0.783344 -0.152827 0.602508 0.349703
0 0 0 1
0.624933 -0.212408 0.751228 0.441703
0.0139806 0.965165 0.261265 1.2534
-0.780553 -0.152772 0.606133 0.361307
0 0 0 1
0.628424 -0.210368 0.748887 0.440241
0.0139099 0.965622 0.259574 1.25398
-0.777746 -0.152708 0.609746 0.37288
0 0 0 1
0.631902 -0.208328 0.746527 0.438801
0.0138315 0.966076 0.257884 1.25456
-0.774925 -0.152634 0.613346 0.384418
0 0 0 1
0.635368 -0.206287 0.744148 0.437385
0.0137452 0.966527 0.256193 1.25514
-0.772088 -0.15255 0.616935 0.39592
0 0 0 1
0.63882 -0.204246 0.741752 0.435996
0.0136511 0.966975 0.254502 1.25572
-0.769235 -0.152457 0.620511 0.407381
0 0 0 1
0.64226 -0.202205 0.739337 0.434637
0.0135491 0.96742 0.25281 1.25631
-0.766367 -0.152354 0.624074 0.4188
0 0 0 1
0.645687 -0.200163 0.736903 0.433311
0.0134393 0.967862 0.251118 1.25691
-0.763484 -0.152242 0.627625 0.430173
0 0 0 1
0.6491 -0.198122 0.734452 0.432019
0.0133217 0.968301 0.249426 1.25751
-0.760586 -0.15212 0.631163 0.441497
0 0 0 1
0.652501 -0.19608 0.731982 0.430765
0.0131962 0.968737 0.247734 1.25812
-0.757673 -0.151989 0.634689 0.45277
0 0 0 1
0.655888 -0.194039 0.729495 0.429552
0.0130629 0.96917 0.246041 1.25873
-0.754745 -0.151848 0.638201 0.463988
0 0 0 1
0.659263 -0.191997 0.726989 0.428381
0.0129218 0.9696 0.244349 1.25935
-0.751802 -0.151698 0.641701 0.475149
0 0 0 1
0.662623 -0.189956 0.724465 0.427256
0.0127729 0.970027 0.242656 1.25998
-0.748844 -0.151538 0.645188 0.486251
0 0 0 1
0.665971 -0.187915 0.721924 0.42618
0.0126162 0.970451 0.240963 1.26061
